AC3Db
MATERIAL "material_5_9_8-effect" rgb 1 1 1  amb 0 0 0  emis 1 1 1  spec 0 0 0  shi 128  trans 0
OBJECT world
kids 16
OBJECT poly
name "mesh1"
loc -12.563 0 -10.147
texture "/Applications/FlightGear.app/Contents/Resources/data/Models/Airport/Embraer Headquarters Sao Jose dos Campos/models/../images/texture0.jpg"
crease 45.000000
numvert 72
-68.3119 9.07873 -17.374
-68.322 12.0787 -17.3707
-70.4818 9.07873 -16.6705
-54.4819 9.07873 -2.80821
-70.4818 15.0787 -16.6705
-68.3042 12.0787 -17.3555
-38.5161 9.07873 11.0244
-54.4819 15.0787 -2.80821
-35.4753 15.0787 -28.0215
-68.3119 12.0787 -17.374
-22.5503 9.07873 24.8571
-38.5161 15.0787 11.0244
-24.0827 15.0787 -31.7157
-35.4753 12.0787 -28.0215
-6.67684 9.07873 38.6099
-22.5503 15.0787 24.8571
-12.6901 15.0787 -35.4097
-24.0827 12.0787 -31.7157
9.28888 9.07873 52.4425
-6.67684 15.0787 38.6099
-6.41879 15.0787 -37.4434
-12.6901 12.0787 -35.4097
-64.7626 9.07873 -14.2989
18.9649 9.07873 60.8258
-1.29765 15.0787 -39.1039
-6.41879 12.0787 -37.4434
17.0371 9.07873 56.299
9.28888 15.0787 52.4425
3.82349 15.0787 -40.7644
-1.29765 12.0787 -39.1039
20.5865 9.07873 59.3741
29.7408 12.0787 51.1789
18.9649 15.0787 60.8258
-69.7846 15.0787 -16.5382
3.82349 12.0787 -40.7644
20.5865 12.0787 59.3741
28.1193 15.0787 52.6305
18.9604 14.0787 60.3502
-69.7846 14.0787 -16.5382
14.205 15.0787 -44.1307
-64.7626 12.0787 -14.2989
37.2737 12.0787 44.4353
28.1193 12.0787 52.6305
37.2737 15.0787 44.4353
14.1098 14.0787 -43.7416
17.2915 15.0787 -41.4566
12.0352 12.0787 -43.4272
46.2751 12.0787 36.3772
47.8966 12.0787 34.9256
17.0371 12.0787 56.299
18.9604 15.0787 60.3502
75.6637 14.0787 9.58856
37.2302 15.0787 -24.1818
14.205 9.07873 -44.1307
15.5845 12.0787 -40.3521
55.4295 12.0787 28.182
46.2751 15.0787 36.3772
14.1098 15.0787 -43.7416
12.0352 9.07873 -43.4272
71.0328 12.0787 7.96123
55.4295 15.0787 28.182
76.2036 15.0787 9.58465
75.6637 15.0787 9.58856
57.1689 15.0787 -6.90696
16.9893 9.07873 -41.7184
74.5821 12.0787 11.0363
71.0328 9.07873 7.96123
36.928 9.07873 -24.4436
56.8666 9.07873 -7.16883
15.5845 9.07873 -40.3521
76.2036 9.07873 9.58465
74.5821 9.07873 11.0363
numsurf 148
SURF 0x30
mat 0
refs 3
0 -1.60217 1.60345
1 -1.60144 1.53904
22 -1.46139 1.60529
SURF 0x30
mat 0
refs 3
22 -1.46139 1.60529
1 -1.60144 1.53904
0 -1.60217 1.60345
SURF 0x30
mat 0
refs 3
2 -1.6291 1.55585
22 -1.46139 1.60529
0 -1.60217 1.60345
SURF 0x30
mat 0
refs 3
0 -1.60217 1.60345
22 -1.46139 1.60529
2 -1.6291 1.55585
SURF 0x30
mat 0
refs 3
5 1.10778 3.8033
22 1.16053 3.69115
1 1.10778 3.80386
SURF 0x30
mat 0
refs 3
1 1.10778 3.80386
22 1.16053 3.69115
5 1.10778 3.8033
SURF 0x30
mat 0
refs 3
3 -0.994445 1.56415
22 -1.46139 1.60529
2 -1.6291 1.55585
SURF 0x30
mat 0
refs 3
2 -1.6291 1.55585
22 -1.46139 1.60529
3 -0.994445 1.56415
SURF 0x30
mat 0
refs 3
22 1.16053 3.69115
5 1.10778 3.8033
40 1.10751 3.69128
SURF 0x30
mat 0
refs 3
40 1.10751 3.69128
5 1.10778 3.8033
22 1.16053 3.69115
SURF 0x30
mat 0
refs 3
6 -0.361142 1.57243
22 -1.46139 1.60529
3 -0.994445 1.56415
SURF 0x30
mat 0
refs 3
3 -0.994445 1.56415
22 -1.46139 1.60529
6 -0.361142 1.57243
SURF 0x30
mat 0
refs 3
33 1.15585 3.81244
7 1.16665 3.31899
4 1.16665 3.82605
SURF 0x30
mat 0
refs 3
4 1.16665 3.82605
7 1.16665 3.31899
33 1.15585 3.81244
SURF 0x30
mat 0
refs 3
8 0.212517 3.46648
33 1.15585 3.81244
4 1.16665 3.82605
SURF 0x30
mat 0
refs 3
4 1.16665 3.82605
33 1.15585 3.81244
8 0.212517 3.46648
SURF 0x30
mat 0
refs 3
9 1.10751 3.80376
40 1.10751 3.69128
5 1.10778 3.8033
SURF 0x30
mat 0
refs 3
5 1.10778 3.8033
40 1.10751 3.69128
9 1.10751 3.80376
SURF 0x30
mat 0
refs 3
10 0.272162 1.5807
22 -1.46139 1.60529
6 -0.361142 1.57243
SURF 0x30
mat 0
refs 3
6 -0.361142 1.57243
22 -1.46139 1.60529
10 0.272162 1.5807
SURF 0x30
mat 0
refs 3
33 1.15585 3.81244
11 1.16665 2.81302
7 1.16665 3.31899
SURF 0x30
mat 0
refs 3
7 1.16665 3.31899
11 1.16665 2.81302
33 1.15585 3.81244
SURF 0x30
mat 0
refs 3
12 -0.097997 3.34946
33 1.15585 3.81244
8 0.212517 3.46648
SURF 0x30
mat 0
refs 3
8 0.212517 3.46648
33 1.15585 3.81244
12 -0.097997 3.34946
SURF 0x30
mat 0
refs 3
13 0.212517 3.46648
40 1.10751 3.69128
9 1.10751 3.80376
SURF 0x30
mat 0
refs 3
9 1.10751 3.80376
40 1.10751 3.69128
13 0.212517 3.46648
SURF 0x30
mat 0
refs 3
14 0.901806 1.58893
22 -1.46139 1.60529
10 0.272162 1.5807
SURF 0x30
mat 0
refs 3
10 0.272162 1.5807
22 -1.46139 1.60529
14 0.901806 1.58893
SURF 0x30
mat 0
refs 3
33 1.15585 3.81244
15 1.16665 2.30704
11 1.16665 2.81302
SURF 0x30
mat 0
refs 3
11 1.16665 2.81302
15 1.16665 2.30704
33 1.15585 3.81244
SURF 0x30
mat 0
refs 3
16 -0.408512 3.23244
33 1.15585 3.81244
12 -0.097997 3.34946
SURF 0x30
mat 0
refs 3
12 -0.097997 3.34946
33 1.15585 3.81244
16 -0.408512 3.23244
SURF 0x30
mat 0
refs 3
17 -0.097997 3.34946
40 1.10751 3.69128
13 0.212517 3.46648
SURF 0x30
mat 0
refs 3
13 0.212517 3.46648
40 1.10751 3.69128
17 -0.097997 3.34946
SURF 0x30
mat 0
refs 3
18 1.53511 1.59721
22 -1.46139 1.60529
14 0.901806 1.58893
SURF 0x30
mat 0
refs 3
14 0.901806 1.58893
22 -1.46139 1.60529
18 1.53511 1.59721
SURF 0x30
mat 0
refs 3
33 1.15585 3.81244
19 1.16665 1.80399
15 1.16665 2.30704
SURF 0x30
mat 0
refs 3
15 1.16665 2.30704
19 1.16665 1.80399
33 1.15585 3.81244
SURF 0x30
mat 0
refs 3
20 -0.579445 3.16802
33 1.15585 3.81244
16 -0.408512 3.23244
SURF 0x30
mat 0
refs 3
16 -0.408512 3.23244
33 1.15585 3.81244
20 -0.579445 3.16802
SURF 0x30
mat 0
refs 3
21 -0.408512 3.23244
40 1.10751 3.69128
17 -0.097997 3.34946
SURF 0x30
mat 0
refs 3
17 -0.097997 3.34946
40 1.10751 3.69128
21 -0.408512 3.23244
SURF 0x30
mat 0
refs 3
23 1.91892 1.60223
22 -1.46139 1.60529
18 1.53511 1.59721
SURF 0x30
mat 0
refs 3
18 1.53511 1.59721
22 -1.46139 1.60529
23 1.91892 1.60223
SURF 0x30
mat 0
refs 3
33 1.15585 3.81244
27 1.16665 1.29802
19 1.16665 1.80399
SURF 0x30
mat 0
refs 3
19 1.16665 1.80399
27 1.16665 1.29802
33 1.15585 3.81244
SURF 0x30
mat 0
refs 3
24 -0.719026 3.11542
33 1.15585 3.81244
20 -0.579445 3.16802
SURF 0x30
mat 0
refs 3
20 -0.579445 3.16802
33 1.15585 3.81244
24 -0.719026 3.11542
SURF 0x30
mat 0
refs 3
25 -0.579445 3.16802
40 1.10751 3.69128
21 -0.408512 3.23244
SURF 0x30
mat 0
refs 3
21 -0.408512 3.23244
40 1.10751 3.69128
25 -0.579445 3.16802
SURF 0x30
mat 0
refs 3
22 -1.46139 1.60529
23 1.91892 1.60223
30 1.91785 1.65446
SURF 0x30
mat 0
refs 3
30 1.91785 1.65446
23 1.91892 1.60223
22 -1.46139 1.60529
SURF 0x30
mat 0
refs 3
50 1.15585 1
27 1.16665 1.29802
33 1.15585 3.81244
SURF 0x30
mat 0
refs 3
33 1.15585 3.81244
27 1.16665 1.29802
50 1.15585 1
SURF 0x30
mat 0
refs 3
28 -0.858608 3.06282
33 1.15585 3.81244
24 -0.719026 3.11542
SURF 0x30
mat 0
refs 3
24 -0.719026 3.11542
33 1.15585 3.81244
28 -0.858608 3.06282
SURF 0x30
mat 0
refs 3
29 -0.719026 3.11542
40 1.10751 3.69128
25 -0.579445 3.16802
SURF 0x30
mat 0
refs 3
25 -0.579445 3.16802
40 1.10751 3.69128
29 -0.719026 3.11542
SURF 0x30
mat 0
refs 3
49 1.77706 1.65262
30 1.91698 1.71887
26 1.7762 1.71703
SURF 0x30
mat 0
refs 3
26 1.7762 1.71703
30 1.91698 1.71887
49 1.77706 1.65262
SURF 0x30
mat 0
refs 3
50 1.15585 1
32 1.16665 0.991375
27 1.16665 1.29802
SURF 0x30
mat 0
refs 3
27 1.16665 1.29802
32 1.16665 0.991375
50 1.15585 1
SURF 0x30
mat 0
refs 3
38 1.17353 0.969659
50 1.15585 3.7821
33 1.15585 0.969659
SURF 0x30
mat 0
refs 3
33 1.15585 3.81244
50 1.15585 1
38 1.13818 3.81244
SURF 0x30
mat 0
refs 3
39 -1.14156 2.95619
33 1.15585 3.81244
28 -0.858608 3.06282
SURF 0x30
mat 0
refs 3
28 -0.858608 3.06282
33 1.15585 3.81244
39 -1.14156 2.95619
SURF 0x30
mat 0
refs 3
34 -0.858608 3.06282
40 1.10751 3.69128
29 -0.719026 3.11542
SURF 0x30
mat 0
refs 3
29 -0.719026 3.11542
40 1.10751 3.69128
34 -0.858608 3.06282
SURF 0x30
mat 0
refs 3
30 1.91698 1.71887
49 1.77706 1.65262
35 1.91785 1.65446
SURF 0x30
mat 0
refs 3
35 1.91785 1.65446
49 1.77706 1.65262
30 1.91698 1.71887
SURF 0x30
mat 0
refs 3
42 1.91288 1.89709
31 1.91181 1.94932
41 1.90684 2.19195
SURF 0x30
mat 0
refs 3
41 1.90684 2.19195
31 1.91181 1.94932
42 1.91288 1.89709
SURF 0x30
mat 0
refs 3
32 1.16665 0.991375
50 1.15585 1
36 0.797489 0.991375
SURF 0x30
mat 0
refs 3
36 0.797489 0.991375
50 1.15585 1
32 1.16665 0.991375
SURF 0x30
mat 0
refs 3
50 1.15585 3.7821
38 1.17353 0.969659
37 1.17353 3.7821
SURF 0x30
mat 0
refs 3
37 1.13818 1
38 1.13818 3.81244
50 1.15585 1
SURF 0x30
mat 0
refs 3
57 0.424413 3.53679
38 -1.86975 2.6945
33 -1.86221 2.67507
SURF 0x30
mat 0
refs 3
33 1.15585 3.81244
38 1.1634 3.79302
57 -1.13077 2.95072
SURF 0x30
mat 0
refs 3
39 -1.14156 2.95619
57 -1.13077 2.95072
33 1.15585 3.81244
SURF 0x30
mat 0
refs 3
33 1.15585 3.81244
57 -1.13077 2.95072
39 -1.14156 2.95619
SURF 0x30
mat 0
refs 3
46 -1.08242 2.97848
40 1.10751 3.69128
34 -0.858608 3.06282
SURF 0x30
mat 0
refs 3
34 -0.858608 3.06282
40 1.10751 3.69128
46 -1.08242 2.97848
SURF 0x30
mat 0
refs 3
42 1.91288 1.89709
49 1.77706 1.65262
35 1.91785 1.65446
SURF 0x30
mat 0
refs 3
35 1.91785 1.65446
49 1.77706 1.65262
42 1.91288 1.89709
SURF 0x30
mat 0
refs 3
41 1.90684 2.19195
55 1.89486 2.77674
42 1.91288 1.89709
SURF 0x30
mat 0
refs 3
42 1.91288 1.89709
55 1.89486 2.77674
41 1.90684 2.19195
SURF 0x30
mat 0
refs 3
36 0.797489 0.991375
50 1.15585 1
43 0.428325 0.991375
SURF 0x30
mat 0
refs 3
43 0.428325 0.991375
50 1.15585 1
36 0.797489 0.991375
SURF 0x30
mat 0
refs 3
51 1.43154 0.978525
50 -0.855079 1
37 -0.855079 0.978525
SURF 0x30
mat 0
refs 3
37 1.15585 1.02147
50 1.15585 1
51 -1.13077 1.02147
SURF 0x30
mat 0
refs 3
38 -1.86975 2.6945
57 0.424413 3.53679
44 0.416873 3.55622
SURF 0x30
mat 0
refs 3
44 -1.12323 2.9313
57 -1.13077 2.95072
38 1.1634 3.79302
SURF 0x30
mat 0
refs 3
45 -1.14156 2.85837
57 -1.13077 2.95072
39 -1.14156 2.95619
SURF 0x30
mat 0
refs 3
39 -1.14156 2.95619
57 -1.13077 2.95072
45 -1.14156 2.85837
SURF 0x30
mat 0
refs 3
40 1.10751 3.69128
46 -1.08242 2.97848
54 -1.08242 2.86599
SURF 0x30
mat 0
refs 3
54 -1.08242 2.86599
46 -1.08242 2.97848
40 1.10751 3.69128
SURF 0x30
mat 0
refs 3
47 1.9009 2.48188
55 1.89486 2.77674
41 1.90684 2.19195
SURF 0x30
mat 0
refs 3
41 1.90684 2.19195
55 1.89486 2.77674
47 1.9009 2.48188
SURF 0x30
mat 0
refs 3
49 1.77706 1.65262
42 1.91288 1.89709
55 1.89486 2.77674
SURF 0x30
mat 0
refs 3
55 1.89486 2.77674
42 1.91288 1.89709
49 1.77706 1.65262
SURF 0x30
mat 0
refs 3
43 0.428325 0.991375
50 1.15585 1
56 0.065339 0.991375
SURF 0x30
mat 0
refs 3
56 0.065339 0.991375
50 1.15585 1
43 0.428325 0.991375
SURF 0x30
mat 0
refs 3
50 -0.855079 1
51 1.43154 0.978525
62 1.43154 1
SURF 0x30
mat 0
refs 3
62 -1.13077 1
51 -1.13077 1.02147
50 1.15585 1
SURF 0x30
mat 0
refs 3
57 -1.13077 1.83138
51 -1.14844 3.7821
44 -1.14844 1.83138
SURF 0x30
mat 0
refs 3
44 -1.11309 2.95072
51 -1.11309 1
57 -1.13077 2.95072
SURF 0x30
mat 0
refs 3
52 -1.14156 2.22649
57 -1.13077 2.95072
45 -1.14156 2.85837
SURF 0x30
mat 0
refs 3
45 -1.14156 2.85837
57 -1.13077 2.95072
52 -1.14156 2.22649
SURF 0x30
mat 0
refs 3
58 -1.13544 2.97848
54 -1.08242 2.86599
46 -1.08242 2.97848
SURF 0x30
mat 0
refs 3
46 -1.0294 2.97848
54 -1.0294 2.86599
58 -1.08242 2.97848
SURF 0x30
mat 0
refs 3
55 1.89486 2.77674
47 1.9009 2.48188
48 1.89983 2.53411
SURF 0x30
mat 0
refs 3
48 1.89983 2.53411
47 1.9009 2.48188
55 1.89486 2.77674
SURF 0x30
mat 0
refs 3
55 1.89486 2.77674
59 1.74144 3.3918
49 1.77706 1.65262
SURF 0x30
mat 0
refs 3
49 1.77706 1.65262
59 1.74144 3.3918
55 1.89486 2.77674
SURF 0x30
mat 0
refs 3
62 -1.13077 1
56 0.065339 0.991375
50 1.15585 1
SURF 0x30
mat 0
refs 3
50 1.15585 1
56 0.065339 0.991375
62 -1.13077 1
SURF 0x30
mat 0
refs 3
51 -1.14844 3.7821
57 -1.13077 1.83138
62 -1.13077 3.7821
SURF 0x30
mat 0
refs 3
62 -1.13077 1
57 -1.13077 2.95072
51 -1.11309 1
SURF 0x30
mat 0
refs 3
63 -1.14156 1.59461
57 -1.13077 2.95072
52 -1.14156 2.22649
SURF 0x30
mat 0
refs 3
52 -1.14156 2.22649
57 -1.13077 2.95072
63 -1.14156 1.59461
SURF 0x30
mat 0
refs 3
64 -1.14156 2.86795
58 -1.08242 2.97848
53 -1.14156 2.95619
SURF 0x30
mat 0
refs 3
53 -1.14156 2.95619
58 -1.08242 2.97848
64 -1.14156 2.86795
SURF 0x30
mat 0
refs 3
54 -1.08242 2.86599
58 -1.13544 2.97848
69 -1.13544 2.86599
SURF 0x30
mat 0
refs 3
69 -1.08242 2.86599
58 -1.08242 2.97848
54 -1.0294 2.86599
SURF 0x30
mat 0
refs 3
59 1.74144 3.3918
55 1.89486 2.77674
65 1.88223 3.39364
SURF 0x30
mat 0
refs 3
65 1.88223 3.39364
55 1.89486 2.77674
59 1.74144 3.3918
SURF 0x30
mat 0
refs 3
62 -1.13077 1
60 -0.303825 0.991375
56 0.065339 0.991375
SURF 0x30
mat 0
refs 3
56 0.065339 0.991375
60 -0.303825 0.991375
62 -1.13077 1
SURF 0x30
mat 0
refs 3
63 -1.14156 1.59461
62 -1.13077 1
57 -1.13077 2.95072
SURF 0x30
mat 0
refs 3
57 -1.13077 2.95072
62 -1.13077 1
63 -1.14156 1.59461
SURF 0x30
mat 0
refs 3
64 -1.14156 2.86795
69 -1.08242 2.86599
58 -1.08242 2.97848
SURF 0x30
mat 0
refs 3
58 -1.08242 2.97848
69 -1.08242 2.86599
64 -1.14156 2.86795
SURF 0x30
mat 0
refs 3
66 1.74231 3.32738
65 1.88223 3.39364
59 1.74144 3.3918
SURF 0x30
mat 0
refs 3
59 1.74144 3.3918
65 1.88223 3.39364
66 1.74231 3.32738
SURF 0x30
mat 0
refs 3
62 -1.13077 1
61 -1.14156 0.991375
60 -0.303825 0.991375
SURF 0x30
mat 0
refs 3
60 -0.303825 0.991375
61 -1.14156 0.991375
62 -1.13077 1
SURF 0x30
mat 0
refs 3
61 -1.14156 0.991375
62 -1.13077 1
63 -1.14156 1.59461
SURF 0x30
mat 0
refs 3
63 -1.14156 1.59461
62 -1.13077 1
61 -1.14156 0.991375
SURF 0x30
mat 0
refs 3
67 -1.14156 2.23607
69 -1.08242 2.86599
64 -1.14156 2.86795
SURF 0x30
mat 0
refs 3
64 -1.14156 2.86795
69 -1.08242 2.86599
67 -1.14156 2.23607
SURF 0x30
mat 0
refs 3
65 1.88223 3.39364
66 1.74231 3.32738
71 1.8831 3.32923
SURF 0x30
mat 0
refs 3
71 1.8831 3.32923
66 1.74231 3.32738
65 1.88223 3.39364
SURF 0x30
mat 0
refs 3
68 -1.14156 1.60419
69 -1.08242 2.86599
67 -1.14156 2.23607
SURF 0x30
mat 0
refs 3
67 -1.14156 2.23607
69 -1.08242 2.86599
68 -1.14156 1.60419
SURF 0x30
mat 0
refs 3
70 -1.14156 0.991375
69 -1.08242 2.86599
68 -1.14156 1.60419
SURF 0x30
mat 0
refs 3
68 -1.14156 1.60419
69 -1.08242 2.86599
70 -1.14156 0.991375
SURF 0x30
mat 0
refs 3
69 -1.08242 2.86599
70 -1.14156 0.991375
71 -1.07617 0.991375
SURF 0x30
mat 0
refs 3
71 -1.07617 0.991375
70 -1.14156 0.991375
69 -1.08242 2.86599
kids 0
OBJECT poly
name "mesh1"
loc -12.563 0 -10.147
texture "texture1.jpg"
crease 45.000000
numvert 38
-70.4818 9.07873 -16.6705
-70.4818 15.0787 -16.6705
-54.4819 9.07873 -2.80821
-54.4819 15.0787 -2.80821
-38.5161 9.07873 11.0244
-38.5161 15.0787 11.0244
-22.5503 9.07873 24.8571
-22.5503 15.0787 24.8571
-6.67684 9.07873 38.6099
-6.67684 15.0787 38.6099
9.28888 9.07873 52.4425
9.28888 15.0787 52.4425
18.9649 9.07873 60.8258
20.5865 9.07873 59.3741
18.9649 15.0787 60.8258
20.5865 12.0787 59.3741
28.1193 12.0787 52.6305
28.1193 15.0787 52.6305
29.7408 12.0787 51.1789
37.2737 15.0787 44.4353
14.205 15.0787 -44.1307
37.2737 12.0787 44.4353
14.205 9.07873 -44.1307
46.2751 12.0787 36.3772
46.2751 15.0787 36.3772
17.2915 15.0787 -41.4566
47.8966 12.0787 34.9256
37.2302 15.0787 -24.1818
16.9893 9.07873 -41.7184
55.4295 12.0787 28.182
36.928 9.07873 -24.4436
55.4295 15.0787 28.182
57.1689 15.0787 -6.90696
74.5821 12.0787 11.0363
56.8666 9.07873 -7.16883
74.5821 9.07873 11.0363
76.2036 15.0787 9.58465
76.2036 9.07873 9.58465
numsurf 72
SURF 0x30
mat 0
refs 3
1 0 1
2 0.496909 -0
0 0 -0
SURF 0x30
mat 0
refs 3
0 -0 -0
2 0.496909 -0
1 -0 1
SURF 0x30
mat 0
refs 3
2 0.496909 -0
1 0 1
3 0.496909 1
SURF 0x30
mat 0
refs 3
3 0.496909 1
1 -0 1
2 0.496909 -0
SURF 0x30
mat 0
refs 3
3 0.496909 1
4 0.992758 -0
2 0.496909 -0
SURF 0x30
mat 0
refs 3
2 0.496909 -0
4 0.992758 -0
3 0.496909 1
SURF 0x30
mat 0
refs 3
4 0.992758 -0
3 0.496909 1
5 0.992758 1
SURF 0x30
mat 0
refs 3
5 0.992758 1
3 0.496909 1
4 0.992758 -0
SURF 0x30
mat 0
refs 3
5 0.496909 1
6 0.992758 -0
4 0.496909 -0
SURF 0x30
mat 0
refs 3
4 0.496909 -0
6 0.992758 -0
5 0.496909 1
SURF 0x30
mat 0
refs 3
6 0.992758 -0
5 0.496909 1
7 0.992758 1
SURF 0x30
mat 0
refs 3
7 0.992758 1
5 0.496909 1
6 0.992758 -0
SURF 0x30
mat 0
refs 3
7 1.48861 1
8 1.98159 -0
6 1.48861 -0
SURF 0x30
mat 0
refs 3
6 1.48861 -0
8 1.98159 -0
7 1.48861 1
SURF 0x30
mat 0
refs 3
8 1.98159 -0
7 1.48861 1
9 1.98159 1
SURF 0x30
mat 0
refs 3
9 1.98159 1
7 1.48861 1
8 1.98159 -0
SURF 0x30
mat 0
refs 3
9 0.496909 1
10 0.992758 -0
8 0.496909 -0
SURF 0x30
mat 0
refs 3
8 0.496909 -0
10 0.992758 -0
9 0.496909 1
SURF 0x30
mat 0
refs 3
10 0.992758 -0
9 0.496909 1
11 0.992758 1
SURF 0x30
mat 0
refs 3
11 0.992758 1
9 0.496909 1
10 0.992758 -0
SURF 0x30
mat 0
refs 3
11 2.47744 1
12 2.77795 -0
10 2.47744 -0
SURF 0x30
mat 0
refs 3
10 2.47744 -0
12 2.77795 -0
11 2.47744 1
SURF 0x30
mat 0
refs 3
14 -3.51655 0.999554
15 -3.42662 -0.000446
12 -3.51655 -1.00045
SURF 0x30
mat 0
refs 3
12 -3.51655 -1.00045
15 -3.42662 -0.000446
14 -3.51655 0.999554
SURF 0x30
mat 0
refs 3
12 2.77795 -0
11 2.47744 1
14 2.77795 1
SURF 0x30
mat 0
refs 3
14 2.77795 1
11 2.47744 1
12 2.77795 -0
SURF 0x30
mat 0
refs 3
12 -3.51655 -1.00045
15 -3.42662 -0.000446
13 -3.42662 -1.00045
SURF 0x30
mat 0
refs 3
13 -3.42662 -1.00045
15 -3.42662 -0.000446
12 -3.51655 -1.00045
SURF 0x30
mat 0
refs 3
15 -3.42662 -0.000446
14 -3.51655 0.999554
17 -3.00884 0.999554
SURF 0x30
mat 0
refs 3
17 -3.00884 0.999554
14 -3.51655 0.999554
15 -3.42662 -0.000446
SURF 0x30
mat 0
refs 3
16 -3.51655 -0.000446
19 -3.00884 0.999554
18 -3.42662 -0.000446
SURF 0x30
mat 0
refs 3
18 -3.42662 -0.000446
19 -3.00884 0.999554
16 -3.51655 -0.000446
SURF 0x30
mat 0
refs 3
15 -3.42662 -0.000446
17 -3.00884 0.999554
16 -3.00884 -0.000446
SURF 0x30
mat 0
refs 3
16 -3.00884 -0.000446
17 -3.00884 0.999554
15 -3.42662 -0.000446
SURF 0x30
mat 0
refs 3
19 -3.00884 0.999554
16 -3.51655 -0.000446
17 -3.51655 0.999554
SURF 0x30
mat 0
refs 3
17 -3.51655 0.999554
16 -3.51655 -0.000446
19 -3.00884 0.999554
SURF 0x30
mat 0
refs 3
18 -3.42662 -0.000446
19 -3.00884 0.999554
21 -3.00884 -0.000446
SURF 0x30
mat 0
refs 3
21 -3.00884 -0.000446
19 -3.00884 0.999554
18 -3.42662 -0.000446
SURF 0x30
mat 0
refs 3
24 -2.00191 0.999554
21 -2.50113 -0.000446
19 -2.50113 0.999554
SURF 0x30
mat 0
refs 3
19 -2.50113 0.999554
21 -2.50113 -0.000446
24 -2.00191 0.999554
SURF 0x30
mat 0
refs 3
22 0.555299 0
25 0.477819 1
20 0.555299 1
SURF 0x30
mat 0
refs 3
20 0.555299 1
25 0.477819 1
22 0.555299 0
SURF 0x30
mat 0
refs 3
21 -2.50113 -0.000446
24 -2.00191 0.999554
23 -2.00191 -0.000446
SURF 0x30
mat 0
refs 3
23 -2.00191 -0.000446
24 -2.00191 0.999554
21 -2.50113 -0.000446
SURF 0x30
mat 0
refs 3
25 0.477819 1
22 0.555299 0
28 0.485406 0
SURF 0x30
mat 0
refs 3
28 0.485406 0
22 0.555299 0
25 0.477819 1
SURF 0x30
mat 0
refs 3
23 -3.51655 -0.000446
31 -3.00884 0.999554
26 -3.42662 -0.000446
SURF 0x30
mat 0
refs 3
26 -3.42662 -0.000446
31 -3.00884 0.999554
23 -3.51655 -0.000446
SURF 0x30
mat 0
refs 3
31 -3.00884 0.999554
23 -3.51655 -0.000446
24 -3.51655 0.999554
SURF 0x30
mat 0
refs 3
24 -3.51655 0.999554
23 -3.51655 -0.000446
31 -3.00884 0.999554
SURF 0x30
mat 0
refs 3
28 0.985916 0
27 0.477819 1
25 0.978329 1
SURF 0x30
mat 0
refs 3
25 0.978329 1
27 0.477819 1
28 0.985916 0
SURF 0x30
mat 0
refs 3
26 -3.42662 -0.000446
31 -3.00884 0.999554
29 -3.00884 -0.000446
SURF 0x30
mat 0
refs 3
29 -3.00884 -0.000446
31 -3.00884 0.999554
26 -3.42662 -0.000446
SURF 0x30
mat 0
refs 3
30 0.985916 0
32 0.477819 1
27 0.978329 1
SURF 0x30
mat 0
refs 3
27 0.978329 1
32 0.477819 1
30 0.985916 0
SURF 0x30
mat 0
refs 3
27 0.477819 1
28 0.985916 0
30 0.485406 0
SURF 0x30
mat 0
refs 3
30 0.485406 0
28 0.985916 0
27 0.477819 1
SURF 0x30
mat 0
refs 3
31 -1.4942 0.999554
33 -0.431979 -0.000446
29 -1.4942 -0.000446
SURF 0x30
mat 0
refs 3
29 -1.4942 -0.000446
33 -0.431979 -0.000446
31 -1.4942 0.999554
SURF 0x30
mat 0
refs 3
32 0.477819 1
30 0.985916 0
34 0.485406 0
SURF 0x30
mat 0
refs 3
34 0.485406 0
30 0.985916 0
32 0.477819 1
SURF 0x30
mat 0
refs 3
33 -0.431979 -0.000446
31 -1.4942 0.999554
36 -0.342048 0.999554
SURF 0x30
mat 0
refs 3
36 -0.342048 0.999554
31 -1.4942 0.999554
33 -0.431979 -0.000446
SURF 0x30
mat 0
refs 3
34 0.485406 -0
36 -0 1
32 0.477819 1
SURF 0x30
mat 0
refs 3
32 0.477819 1
36 -0 1
34 0.485406 -0
SURF 0x30
mat 0
refs 3
33 -0.431979 -0.000446
36 -0.342048 0.999554
35 -0.431979 -1.00045
SURF 0x30
mat 0
refs 3
35 -0.431979 -1.00045
36 -0.342048 0.999554
33 -0.431979 -0.000446
SURF 0x30
mat 0
refs 3
36 -0 1
34 0.485406 -0
37 -0 -0
SURF 0x30
mat 0
refs 3
37 -0 -0
34 0.485406 -0
36 -0 1
SURF 0x30
mat 0
refs 3
35 -0.431979 -1.00045
36 -0.342048 0.999554
37 -0.342048 -1.00045
SURF 0x30
mat 0
refs 3
37 -0.342048 -1.00045
36 -0.342048 0.999554
35 -0.431979 -1.00045
kids 0
OBJECT poly
name "mesh1"
loc -12.563 0 -10.147
texture "/Applications/FlightGear.app/Contents/Resources/data/Models/Airport/Embraer Headquarters Sao Jose dos Campos/models/../images/texture5.jpg"
crease 45.000000
numvert 6
3.82349 12.0787 -40.7644
3.82349 15.0787 -40.7644
14.205 15.0787 -44.1307
14.205 9.07873 -44.1307
12.0352 12.0787 -43.4272
12.0352 9.07873 -43.4272
numsurf 8
SURF 0x30
mat 0
refs 3
4 0.790995 0.5
1 0 0
0 0 0.5
SURF 0x30
mat 0
refs 3
0 0 0.5
1 0 0
4 0.790995 0.5
SURF 0x30
mat 0
refs 3
1 0 0
4 0.790995 0.5
2 1 0
SURF 0x30
mat 0
refs 3
2 1 0
4 0.790995 0.5
1 0 0
SURF 0x30
mat 0
refs 3
2 1 0
4 0.790995 0.5
3 1 1
SURF 0x30
mat 0
refs 3
3 1 1
4 0.790995 0.5
2 1 0
SURF 0x30
mat 0
refs 3
3 1 1
4 0.790995 0.5
5 0.790995 1
SURF 0x30
mat 0
refs 3
5 0.790995 1
4 0.790995 0.5
3 1 1
kids 0
OBJECT poly
name "mesh1"
loc -12.563 0 -10.147
texture "/Applications/FlightGear.app/Contents/Resources/data/Models/Airport/Embraer Headquarters Sao Jose dos Campos/models/../images/texture6.jpg"
crease 45.000000
numvert 4
-1.29765 15.0787 -39.1039
-1.29765 12.0787 -39.1039
3.82349 15.0787 -40.7644
3.82349 12.0787 -40.7644
numsurf 4
SURF 0x30
mat 0
refs 3
2 1 0
1 0 1
0 0 0
SURF 0x30
mat 0
refs 3
0 0 0
1 0 1
2 1 0
SURF 0x30
mat 0
refs 3
1 0 1
2 1 0
3 1 1
SURF 0x30
mat 0
refs 3
3 1 1
2 1 0
1 0 1
kids 0
OBJECT poly
name "mesh1"
loc -12.563 0 -10.147
texture "/Applications/FlightGear.app/Contents/Resources/data/Models/Airport/Embraer Headquarters Sao Jose dos Campos/models/../images/texture4.jpg"
crease 45.000000
numvert 6
-12.6901 15.0787 -35.4097
-12.6901 12.0787 -35.4097
-6.41879 15.0787 -37.4434
-6.41879 12.0787 -37.4434
-1.29765 15.0787 -39.1039
-1.29765 12.0787 -39.1039
numsurf 8
SURF 0x30
mat 0
refs 3
2 0.550483 0
1 0 1
0 0 0
SURF 0x30
mat 0
refs 3
0 0 0
1 0 1
2 0.550483 0
SURF 0x30
mat 0
refs 3
4 1 0
3 0.550483 1
2 0.550483 0
SURF 0x30
mat 0
refs 3
2 0.550483 0
3 0.550483 1
4 1 0
SURF 0x30
mat 0
refs 3
1 0 1
2 0.550483 0
3 0.550483 1
SURF 0x30
mat 0
refs 3
3 0.550483 1
2 0.550483 0
1 0 1
SURF 0x30
mat 0
refs 3
3 0.550483 1
4 1 0
5 1 1
SURF 0x30
mat 0
refs 3
5 1 1
4 1 0
3 0.550483 1
kids 0
OBJECT poly
name "mesh1"
loc -12.563 0 -10.147
texture "/Applications/FlightGear.app/Contents/Resources/data/Models/Airport/Embraer Headquarters Sao Jose dos Campos/models/../images/texture2.jpg"
crease 45.000000
numvert 11
-70.4818 9.07873 -16.6705
-68.3119 9.07873 -17.374
-70.4818 15.0787 -16.6705
-68.322 12.0787 -17.3707
-35.4753 15.0787 -28.0215
-68.3119 12.0787 -17.374
-35.4753 12.0787 -28.0215
-12.6901 15.0787 -35.4097
-12.6901 12.0787 -35.4097
-24.0827 15.0787 -31.7157
-24.0827 12.0787 -31.7157
numsurf 14
SURF 0x30
mat 0
refs 3
1 0.037545 1
2 -0 0
0 -0 1
SURF 0x30
mat 0
refs 3
0 -0 1
2 -0 0
1 0.037545 1
SURF 0x30
mat 0
refs 3
2 -0 0
1 0.037545 1
3 0.037372 0.5
SURF 0x30
mat 0
refs 3
3 0.037372 0.5
1 0.037545 1
2 -0 0
SURF 0x30
mat 0
refs 3
3 0.037372 0.5
4 0.605737 0
2 -0 0
SURF 0x30
mat 0
refs 3
2 -0 0
4 0.605737 0
3 0.037372 0.5
SURF 0x30
mat 0
refs 3
4 0.605737 0
3 0.037372 0.5
5 0.037545 0.5
SURF 0x30
mat 0
refs 3
5 0.037545 0.5
3 0.037372 0.5
4 0.605737 0
SURF 0x30
mat 0
refs 3
4 0.605737 0
5 0.037545 0.5
6 0.605737 0.5
SURF 0x30
mat 0
refs 3
6 0.605737 0.5
5 0.037545 0.5
4 0.605737 0
SURF 0x30
mat 0
refs 3
9 0.802869 0
8 1 0.5
7 1 0
SURF 0x30
mat 0
refs 3
7 1 0
8 1 0.5
9 0.802869 0
SURF 0x30
mat 0
refs 3
8 1 0.5
9 0.802869 0
10 0.802869 0.5
SURF 0x30
mat 0
refs 3
10 0.802869 0.5
9 0.802869 0
8 1 0.5
kids 0
OBJECT poly
name "mesh1"
loc -12.563 0 -10.147
texture "/Applications/FlightGear.app/Contents/Resources/data/Models/Airport/Embraer Headquarters Sao Jose dos Campos/models/../images/texture3.jpg"
crease 45.000000
numvert 4
-24.0827 15.0787 -31.7157
-24.0827 12.0787 -31.7157
-35.4753 15.0787 -28.0215
-35.4753 12.0787 -28.0215
numsurf 4
SURF 0x30
mat 0
refs 3
2 0 0
1 1 1
0 1 0
SURF 0x30
mat 0
refs 3
0 1 0
1 1 1
2 0 0
SURF 0x30
mat 0
refs 3
1 1 1
2 0 0
3 0 1
SURF 0x30
mat 0
refs 3
3 0 1
2 0 0
1 1 1
kids 0
OBJECT poly
name "mesh1"
loc -12.563 0 -10.147
crease 45.000000
numvert 7
-68.3119 9.07873 -17.374
-68.3042 12.0787 -17.3555
-68.3119 12.0787 -17.374
-68.322 12.0787 -17.3707
20.5865 9.07873 59.3741
17.0371 9.07873 56.299
-64.7626 9.07873 -14.2989
numsurf 3
SURF 0x30
mat 0
refs 3
0 1.2597e-39 0
3 1.2597e-39 0
2 1.2597e-39 0
SURF 0x30
mat 0
refs 3
3 1.2597e-39 0
2 1.2597e-39 0
1 1.2597e-39 0
SURF 0x30
mat 0
refs 3
6 1.2597e-39 0
5 1.2597e-39 0
4 1.2597e-39 0
kids 0
OBJECT poly
name "mesh2"
loc -12.563 0 -10.147
texture "/Applications/FlightGear.app/Contents/Resources/data/Models/Airport/Embraer Headquarters Sao Jose dos Campos/models/../images/texture0.jpg"
crease 45.000000
numvert 12
75.6637 14.0787 9.58856
-69.7846 14.0787 -16.5382
14.1098 14.0787 -43.7416
18.9604 14.0787 60.3502
72.421 14.0787 12.4915
22.8253 14.0787 56.8903
72.421 14.6787 12.4915
9.312 14.0787 -42.1858
22.8253 14.6787 56.8903
9.312 14.6787 -42.1858
-64.0665 14.0787 -18.3924
-64.0665 14.6787 -18.3924
numsurf 28
SURF 0x30
mat 0
refs 3
2 -0.571085 3.40519
4 1.87268 3.33266
0 1.87054 3.4371
SURF 0x30
mat 0
refs 3
0 1.87054 3.4371
4 1.87268 3.33266
2 -0.571085 3.40519
SURF 0x30
mat 0
refs 3
3 1.90795 1.61071
10 -1.54128 1.69015
1 -1.61225 1.5647
SURF 0x30
mat 0
refs 3
1 -1.61225 1.5647
10 -1.54128 1.69015
3 1.90795 1.61071
SURF 0x30
mat 0
refs 3
4 1.87268 3.33266
2 -0.571085 3.40519
7 -0.630627 3.29994
SURF 0x30
mat 0
refs 3
7 -0.630627 3.29994
2 -0.571085 3.40519
4 1.87268 3.33266
SURF 0x30
mat 0
refs 3
4 -0.814194 4.43821
8 -2.22611 3.30661
5 -2.21679 3.29928
SURF 0x30
mat 0
refs 3
5 -0.699224 0.978525
8 -0.699224 0.99141
4 1.30078 0.978525
SURF 0x30
mat 0
refs 3
10 -1.54128 1.69015
3 1.90795 1.61071
5 1.9054 1.7352
SURF 0x30
mat 0
refs 3
5 1.9054 1.7352
3 1.90795 1.61071
10 -1.54128 1.69015
SURF 0x30
mat 0
refs 3
8 -2.22611 3.30661
4 -0.814194 4.43821
6 -0.823517 4.44554
SURF 0x30
mat 0
refs 3
6 1.30078 0.99141
4 1.30078 0.978525
8 -0.699224 0.99141
SURF 0x30
mat 0
refs 3
4 -3.54615 1.61744
9 -2.13184 3.38316
6 -3.55548 1.62477
SURF 0x30
mat 0
refs 3
6 -0.989396 3.7821
9 -0.989396 1.7821
4 -1 3.7821
SURF 0x30
mat 0
refs 3
9 -2.13184 3.38316
4 -3.54615 1.61744
7 -2.12252 3.37583
SURF 0x30
mat 0
refs 3
7 -1 1.7821
4 -1 3.7821
9 -0.989396 1.7821
SURF 0x30
mat 0
refs 3
8 1.90522 1.74808
10 -1.54128 1.69015
5 1.9054 1.7352
SURF 0x30
mat 0
refs 3
5 1 3.7821
10 1 1.02839
8 0.989396 3.7821
SURF 0x30
mat 0
refs 3
6 -4.19598 4.34424
11 -0.587219 4.64735
8 -3.42067 5.96389
SURF 0x30
mat 0
refs 3
8 1.9054 1.7352
11 -1.54128 1.69015
6 1.87268 3.33266
SURF 0x30
mat 0
refs 3
11 -0.587219 4.64735
6 -4.19598 4.34424
9 -2.13806 3.38804
SURF 0x30
mat 0
refs 3
9 -0.630627 3.29994
6 1.87268 3.33266
11 -1.54128 1.69015
SURF 0x30
mat 0
refs 3
10 -0.57168 4.63513
9 -2.13184 3.38316
7 -2.12252 3.37583
SURF 0x30
mat 0
refs 3
7 0.286106 3.50694
9 0.29063 3.49528
10 -1.71389 2.75323
SURF 0x30
mat 0
refs 3
10 -1.54128 1.69015
8 1.90522 1.74808
11 -1.54146 1.70303
SURF 0x30
mat 0
refs 3
11 0.989396 1.02839
8 0.989396 3.7821
10 1 1.02839
SURF 0x30
mat 0
refs 3
9 -2.13184 3.38316
10 -0.57168 4.63513
11 -0.581003 4.64246
SURF 0x30
mat 0
refs 3
11 -1.70937 2.74158
10 -1.71389 2.75323
9 0.29063 3.49528
kids 0
OBJECT poly
name "mesh3"
loc -12.563 0 -10.147
texture "/Applications/FlightGear.app/Contents/Resources/data/Models/Airport/Embraer Headquarters Sao Jose dos Campos/models/../images/texture7.jpg"
crease 45.000000
numvert 568
-32.4026 2.01228 -24.6472
-24.9562 2.01228 -27.0618
-32.4026 3.31228 -24.6472
-40.4436 2.01228 -22.0399
-32.9972 2.01228 -24.4545
-40.4436 3.31228 -22.0399
-8.27945 3.31228 -32.4693
-8.27945 2.01228 -32.4693
-24.3615 2.01228 -27.2546
-16.9152 2.01228 -29.6692
-24.3615 3.31228 -27.2546
-24.9562 3.31228 -27.0618
-40.5366 0.142281 -22.2629
-33.0903 0.0122809 -24.6775
-32.9972 3.31228 -24.4545
-0.833123 2.01228 -34.8839
-16.3205 2.01228 -29.862
-8.87415 2.01228 -32.2765
-16.3205 3.31228 -29.862
-32.4956 0.142281 -24.8702
-25.0492 0.0122809 -27.2848
-16.9152 3.31228 -29.6692
-32.4956 0.0122809 -24.8702
-32.4557 2.01228 -24.7747
-32.4557 3.31228 -24.7747
-25.0492 3.41228 -27.2848
-32.4956 3.41228 -24.8702
-40.5366 0.0122809 -22.2629
-40.4968 2.01228 -22.1673
-33.0903 0.142281 -24.6775
-33.0504 2.01228 -24.5819
-40.4968 3.31228 -22.1673
-33.0903 3.41228 -24.6775
-40.5366 3.41228 -22.2629
7.11482 3.41228 -37.7142
-0.331525 3.41228 -35.2997
-8.33263 3.31228 -32.5968
-0.926196 3.41228 -35.1069
-8.37257 3.41228 -32.6923
-0.833123 3.31228 -34.8839
-8.33263 2.01228 -32.5968
-0.238456 3.31228 -35.0767
-0.238456 2.01228 -35.0767
-48.4846 2.01228 -19.4325
-24.4546 0.142281 -27.4776
-17.0083 0.0122809 -29.8922
-8.96726 0.0122809 -32.4995
-16.4136 0.142281 -30.0849
-8.96726 0.142281 -32.4995
-8.87415 3.31228 -32.2765
-25.0094 2.01228 -27.1892
-25.0492 0.142281 -27.2848
-24.4546 0.0122809 -27.4776
-24.4147 2.01228 -27.3821
-24.4147 3.31228 -27.3821
-17.0083 3.41228 -29.8922
-24.4546 3.41228 -27.4776
-32.4026 -0.087719 -24.6472
-32.4557 0.142281 -24.7747
-32.4557 3.41228 -24.7747
-25.0094 3.31228 -27.1892
-25.0492 3.54228 -27.2848
-32.4956 3.54228 -24.8702
-40.4436 -0.087719 -22.0399
-40.4968 0.142281 -22.1673
-40.4968 3.41228 -22.1673
-33.0504 0.142281 -24.5819
-33.0504 3.31228 -24.5819
-33.0903 3.54228 -24.6775
-40.5366 3.54228 -22.2629
-0.291637 3.41228 -35.2041
7.11482 3.54228 -37.7142
-0.331525 3.54228 -35.2997
-8.33263 3.41228 -32.5968
-0.926196 3.54228 -35.1069
-8.37257 3.54228 -32.6923
-0.886312 3.31228 -35.0113
-8.33263 0.142281 -32.5968
-8.37257 0.142281 -32.6923
-0.926196 0.0122809 -35.1069
-8.37257 0.0122809 -32.6923
-8.27945 -0.087719 -32.4693
-0.291637 3.31228 -35.2041
7.20789 2.01228 -37.4913
-41.0382 2.01228 -21.8471
-48.4846 3.31228 -19.4325
-41.0382 3.31228 -21.8471
-16.9683 2.01228 -29.7966
-17.0083 0.142281 -29.8922
-16.4136 0.0122809 -30.0849
-16.3737 2.01228 -29.9894
-8.92733 0.142281 -32.4039
-8.92733 2.01228 -32.4039
-16.3737 3.31228 -29.9894
-8.96726 3.41228 -32.4995
-16.4136 3.41228 -30.0849
-25.0094 0.142281 -27.1892
-24.9562 -0.087719 -27.0618
-24.3615 -0.087719 -27.2546
-24.4147 0.142281 -27.3821
-24.4147 3.41228 -27.3821
-16.9683 3.31228 -29.7966
-17.0083 3.54228 -29.8922
-24.4546 3.54228 -27.4776
-32.4557 0.0122809 -24.7747
-32.4026 -1.68127 -24.6472
-32.4026 5.48228 -24.6472
-25.0094 3.41228 -27.1892
-32.4557 3.54228 -24.7747
-24.9562 5.48228 -27.0618
-32.4026 6.78228 -24.6472
-40.4968 0.0122809 -22.1673
-40.4436 5.48228 -22.0399
-33.0504 0.0122809 -24.5819
-33.0504 3.41228 -24.5819
-40.4968 3.54228 -22.1673
-32.9972 5.48228 -24.4545
-40.4436 6.78228 -22.0399
-0.238456 5.48228 -35.0767
-0.291637 3.54228 -35.2041
7.20789 5.48228 -37.4913
-0.238456 6.78228 -35.0767
-8.27945 5.48228 -32.4693
-0.886312 3.41228 -35.0113
-8.33263 3.54228 -32.5968
-0.833123 5.48228 -34.8839
-8.27945 6.78228 -32.4693
-0.886312 2.01228 -35.0113
-0.926196 0.142281 -35.1069
-8.33263 0.0122809 -32.5968
7.15471 3.41228 -37.6186
7.20789 3.31228 -37.4913
-0.291637 2.01228 -35.2041
7.74935 3.41228 -37.8115
7.80253 3.31228 -37.684
7.80253 2.01228 -37.684
15.1559 3.41228 -40.3216
7.70951 3.41228 -37.907
-41.1313 0.0122809 -22.0701
-48.5777 0.142281 -19.6555
-32.9972 -0.087719 -24.4545
-40.4436 -1.68127 -22.0399
-48.5378 3.31228 -19.56
-41.1313 3.41228 -22.0701
-48.5777 3.41228 -19.6555
-16.9683 0.142281 -29.7966
-16.9152 -0.087719 -29.6692
-16.3205 -0.087719 -29.862
-16.3737 0.142281 -29.9894
-8.87415 -0.087719 -32.2765
-16.3737 3.41228 -29.9894
-8.92733 0.0122809 -32.4039
-8.92733 3.31228 -32.4039
-8.96726 3.54228 -32.4995
-16.4136 3.54228 -30.0849
-25.0094 0.0122809 -27.1892
-24.4147 0.0122809 -27.3821
-24.3615 -1.68127 -27.2546
-24.3615 5.48228 -27.2546
-16.9683 3.41228 -29.7966
-24.4147 3.54228 -27.3821
-16.9152 5.48228 -29.6692
-24.3615 6.78228 -27.2546
-32.4557 -0.087719 -24.7747
-24.9562 -1.68127 -27.0618
-32.4557 5.48228 -24.7747
-25.0094 3.54228 -27.1892
-24.9562 6.78228 -27.0618
-40.4968 -0.087719 -22.1673
-40.4968 5.48228 -22.1673
-33.0504 -0.087719 -24.5819
-33.0504 3.54228 -24.5819
-32.9972 6.78228 -24.4545
-0.291637 5.48228 -35.2041
7.15471 3.54228 -37.6186
7.20789 6.78228 -37.4913
-8.33263 5.48228 -32.5968
-0.886312 3.54228 -35.0113
-0.833123 6.78228 -34.8839
-8.27945 -1.68127 -32.4693
-0.886312 0.142281 -35.0113
-8.33263 -0.087719 -32.5968
-0.833123 -0.087719 -34.8839
7.15471 3.31228 -37.6186
-0.291637 0.142281 -35.2041
-0.331525 0.142281 -35.2997
7.11482 0.0122809 -37.7142
-0.331525 0.0122809 -35.2997
-0.238456 -0.087719 -35.0767
7.74935 3.31228 -37.8115
15.249 2.01228 -40.0986
15.1559 3.54228 -40.3216
7.70951 3.54228 -37.907
7.80253 5.48228 -37.684
-41.0913 2.01228 -21.9745
-41.1313 0.142281 -22.0701
-48.5777 0.0122809 -19.6555
-48.5378 2.01228 -19.56
-48.5378 3.41228 -19.56
-41.0913 3.31228 -21.9745
-41.1313 3.54228 -22.0701
-48.5777 3.54228 -19.6555
-16.9683 0.0122809 -29.7966
-16.3737 0.0122809 -29.9894
-16.3205 -1.68127 -29.862
-16.3205 5.48228 -29.862
-8.92733 -0.087719 -32.4039
-8.92733 3.41228 -32.4039
-16.3737 3.54228 -29.9894
-8.87415 5.48228 -32.2765
-16.3205 6.78228 -29.862
-25.0094 -0.087719 -27.1892
-24.4147 -0.087719 -27.3821
-24.4147 5.48228 -27.3821
-16.9683 3.54228 -29.7966
-16.9152 6.78228 -29.6692
-32.4557 -1.68127 -24.7747
-25.0094 5.48228 -27.1892
-32.4557 6.78228 -24.7747
-25.0492 6.88228 -27.2848
-40.4968 -1.68127 -22.1673
-33.0504 -1.68127 -24.5819
-33.0504 5.48228 -24.5819
-40.4968 6.78228 -22.1673
-33.0903 6.88228 -24.6775
7.15471 5.48228 -37.6186
-0.291637 6.78228 -35.2041
7.11482 6.88228 -37.7142
-0.886312 5.48228 -35.0113
-8.33263 6.78228 -32.5968
-0.926196 6.88228 -35.1069
-8.33263 -1.68127 -32.5968
-0.886312 0.0122809 -35.0113
7.15471 2.01228 -37.6186
7.11482 0.142281 -37.7142
-0.291637 0.0122809 -35.2041
7.74935 5.48228 -37.8115
15.249 3.31228 -40.0986
7.74935 2.01228 -37.8115
15.1957 3.41228 -40.226
7.74935 3.54228 -37.8115
15.249 5.48228 -40.0986
7.80253 6.78228 -37.684
-49.1723 3.41228 -19.4627
-41.0913 0.142281 -21.9745
-48.5378 0.142281 -19.56
-48.4846 5.48228 -19.4325
-32.9972 -1.68127 -24.4545
-41.0913 3.41228 -21.9745
-48.5378 3.54228 -19.56
-41.0382 5.48228 -21.8471
-48.4846 6.78228 -19.4325
-16.9152 -1.68127 -29.6692
-16.9683 -0.087719 -29.7966
-16.3737 -0.087719 -29.9894
-8.87415 -1.68127 -32.2765
-16.3737 5.48228 -29.9894
-8.92733 -1.68127 -32.4039
-8.92733 3.54228 -32.4039
-8.87415 6.78228 -32.2765
-25.0094 -1.68127 -27.1892
-24.4147 -1.68127 -27.3821
-16.9683 5.48228 -29.7966
-24.4147 6.78228 -27.3821
-17.0083 6.88228 -29.8922
-32.7752 -1.68127 -25.0328
-32.4956 6.88228 -24.8702
-32.4557 6.88228 -24.7747
-25.0094 6.78228 -27.1892
-25.0492 7.01228 -27.2848
-40.5366 6.88228 -22.2629
-40.4968 6.88228 -22.1673
-33.0504 6.78228 -24.5819
-33.0903 7.01228 -24.6775
-0.331525 6.88228 -35.2997
-0.291637 6.88228 -35.2041
7.15471 6.78228 -37.6186
7.11482 7.01228 -37.7142
-8.37257 6.88228 -32.6923
-8.33263 6.88228 -32.5968
-0.886312 6.78228 -35.0113
-0.926196 7.01228 -35.1069
-0.833123 -1.68127 -34.8839
-0.886312 -0.087719 -35.0113
-0.238456 -1.68127 -35.0767
7.15471 0.142281 -37.6186
-0.291637 -0.087719 -35.2041
7.20789 -0.087719 -37.4913
15.1957 3.31228 -40.226
7.74935 0.142281 -37.8115
7.70951 0.142281 -37.907
15.1559 0.0122809 -40.3216
7.70951 0.0122809 -37.907
7.80253 -0.087719 -37.684
15.1957 3.54228 -40.226
15.249 6.78228 -40.0986
-49.1723 3.54228 -19.4627
-56.6187 3.54228 -17.0481
-41.0913 0.0122809 -21.9745
-48.4846 -0.087719 -19.4325
-48.5378 0.0122809 -19.56
-56.5256 2.01228 -16.8252
-56.6187 3.41228 -17.0481
-48.5378 5.48228 -19.56
-40.8163 -1.68127 -22.4254
-41.0913 3.54228 -21.9745
-41.0382 6.78228 -21.8471
-16.9683 -1.68127 -29.7966
-16.3737 -1.68127 -29.9894
-8.92733 5.48228 -32.4039
-16.3737 6.78228 -29.9894
-8.96726 6.88228 -32.4995
-24.4546 6.88228 -27.4776
-24.4147 6.88228 -27.3821
-16.9683 6.78228 -29.7966
-17.0083 7.01228 -29.8922
-32.4956 7.01228 -24.8702
-32.6422 -1.68127 -24.7142
-25.0094 6.88228 -27.1892
-40.5366 7.01228 -22.2629
-40.6832 -1.68127 -22.1068
-33.0504 6.88228 -24.5819
7.70951 6.88228 -37.907
-0.331525 7.01228 -35.2997
7.15471 6.88228 -37.6186
-8.37257 7.01228 -32.6923
-8.51915 -1.68127 -32.5363
-0.886312 6.88228 -35.0113
-0.886312 -1.68127 -35.0113
-0.291637 -1.68127 -35.2041
7.15471 0.0122809 -37.6186
7.74935 6.88228 -37.8115
15.1957 2.01228 -40.226
15.1559 0.142281 -40.3216
7.74935 0.0122809 -37.8115
15.1957 5.48228 -40.226
7.74935 6.78228 -37.8115
15.1559 6.88228 -40.3216
-41.0382 -0.087719 -21.8471
-48.5378 -0.087719 -19.56
-49.1324 3.41228 -19.3671
-49.0793 3.31228 -19.2397
-49.0793 2.01228 -19.2397
-56.5256 3.31228 -16.8252
-49.0793 5.48228 -19.2397
-56.5256 6.78228 -16.8252
-56.5787 3.41228 -16.9526
-41.0913 5.48228 -21.9745
-48.5378 6.78228 -19.56
-41.1313 6.88228 -22.0701
-24.7341 -1.68127 -27.6401
-16.6931 -1.68127 -30.2475
-16.4136 6.88228 -30.0849
-16.3737 6.88228 -29.9894
-8.92733 6.78228 -32.4039
-8.96726 7.01228 -32.4995
-24.4546 7.01228 -27.4776
-24.6012 -1.68127 -27.3216
-16.9683 6.88228 -29.7966
-33.1165 -1.68127 -24.922
-32.7752 7.91873 -25.0328
-32.4557 7.01228 -24.7747
-24.9426 -1.68127 -27.2108
-40.8163 7.91873 -22.4254
-40.4968 7.01228 -22.1673
-32.9836 -1.68127 -24.6035
7.70951 7.01228 -37.907
-0.291637 7.01228 -35.2041
-8.6521 7.91873 -32.8549
-8.33263 7.01228 -32.5968
-8.99346 -1.68127 -32.7441
-0.819515 -1.68127 -35.033
-0.478159 -1.68127 -35.1436
7.20789 -1.68127 -37.4913
7.15471 -0.087719 -37.6186
7.80253 -1.68127 -37.684
15.1957 0.142281 -40.226
7.74935 -0.087719 -37.8115
15.249 -0.087719 -40.0986
15.1957 6.78228 -40.226
15.1559 7.01228 -40.3216
-49.1324 3.54228 -19.3671
-49.0793 6.78228 -19.2397
-41.0913 -0.087719 -21.9745
-48.4846 -1.68127 -19.4325
-49.1324 3.31228 -19.3671
-49.1723 0.0122809 -19.4627
-56.6187 0.142281 -17.0481
-56.5787 3.31228 -16.9526
-56.5256 5.48228 -16.8252
-56.5787 3.54228 -16.9526
-48.5777 6.88228 -19.6555
-48.5378 6.88228 -19.56
-41.1576 -1.68127 -22.3147
-41.0913 6.78228 -21.9745
-41.1313 7.01228 -22.0701
-16.4136 7.01228 -30.0849
-16.5602 -1.68127 -29.9289
-8.92733 6.88228 -32.4039
-25.0755 -1.68127 -27.5294
-24.7341 7.91873 -27.6401
-24.4147 7.01228 -27.3821
-16.9016 -1.68127 -29.8183
-33.1165 7.91873 -24.922
-25.0094 7.01228 -27.1892
-33.0504 7.01228 -24.5819
7.74935 7.01228 -37.8115
-0.952472 7.91873 -35.3515
7.15471 7.01228 -37.6186
-8.99346 7.91873 -32.7441
-0.886312 7.01228 -35.0113
-8.6521 -1.68127 -32.8549
-0.611117 7.91873 -35.4622
7.15471 -1.68127 -37.6186
7.74935 -1.68127 -37.8115
15.1957 0.0122809 -40.226
15.1957 6.88228 -40.226
-49.1324 5.48228 -19.3671
-49.1723 6.88228 -19.4627
-41.0913 -1.68127 -21.9745
-48.5378 -1.68127 -19.56
-49.1324 2.01228 -19.3671
-49.1723 0.142281 -19.4627
-56.6187 0.0122809 -17.0481
-56.5787 2.01228 -16.9526
-56.5787 5.48228 -16.9526
-48.5777 7.01228 -19.6555
-48.7243 -1.68127 -19.4995
-41.1576 7.91873 -22.3147
-41.0913 6.88228 -21.9745
-17.0345 -1.68127 -30.1368
-16.6931 7.91873 -30.2475
-16.3737 7.01228 -29.9894
-8.86051 -1.68127 -32.4256
-25.0755 7.91873 -27.5294
-16.9683 7.01228 -29.7966
-32.6422 7.91873 -24.7142
-40.6832 7.91873 -22.1068
-0.478159 7.91873 -35.1436
-8.51915 7.91873 -32.5363
-0.952472 -1.68127 -35.3515
7.2215 -1.68127 -37.6404
7.56286 -1.68127 -37.751
7.08855 7.91873 -37.9588
15.249 -1.68127 -40.0986
15.1957 -0.087719 -40.226
15.1957 7.01228 -40.226
-49.1324 6.78228 -19.3671
-49.1723 7.01228 -19.4627
-41.0382 -1.68127 -21.8471
-49.1324 0.142281 -19.3671
-56.5787 0.142281 -16.9526
-56.6187 6.88228 -17.0481
-56.5787 6.78228 -16.9526
-48.8573 7.91873 -19.8181
-48.5378 7.01228 -19.56
-41.0246 -1.68127 -21.9961
-17.0345 7.91873 -30.1368
-8.92733 7.01228 -32.4039
-24.6012 7.91873 -27.3216
-32.9836 7.91873 -24.6035
15.5777 9.07873 -40.3499
7.56286 7.91873 -37.751
-0.819515 7.91873 -35.033
-0.611117 -1.68127 -35.4622
